   3.2337373e-01
   7.5986328e-01
   3.4551396e-02
   4.7418083e-01
   9.8286582e-01
   1.1674146e-01
   5.0914904e-01
   3.8411543e-01
   7.1237303e-01
   9.6050204e-01
   4.7741078e-01
   8.0948516e-01
   7.7612996e-01
   5.0173480e-01
   9.6181025e-01
   9.6031039e-01
   2.7460823e-01
   9.4032845e-01
   1.9165252e-01
   7.3769290e-01
   7.7426821e-01
   1.6641774e-01
   9.9767197e-01
   8.7969429e-01
   1.9785507e-01
   4.4170560e-01
   9.2204462e-01
   5.9951735e-01
   6.6061282e-01
   2.0430692e-01
   8.4591857e-01
   4.3879206e-01
   6.7887214e-01
   3.3984360e-01
   1.6203971e-01
   3.8711259e-01
   3.1269741e-01
   8.3064030e-01
   7.9669466e-01
   6.0883332e-01
   6.2043747e-02
   4.0968598e-01
   6.5059767e-01
   4.0379240e-01
   2.9567703e-01
   9.3158986e-01
   6.6965747e-01
   2.8112539e-01
   3.0063583e-01
   2.0262333e-01
   2.0942408e-01
   1.1580841e-01
   3.9695833e-01
   5.0944683e-01
   2.3081496e-02
   7.6350620e-01
   7.6965884e-01
   2.9054308e-01
   5.6235177e-01
   4.2855636e-01
   7.9868138e-01
   9.9809421e-02
   2.2899422e-01
   6.5851163e-01
   1.8945890e-01
   1.6289806e-01
   1.1725288e-01
   1.6419805e-01
   1.3658172e-01
   2.3402706e-01
   2.0367315e-01
   2.3226843e-01
   2.8503187e-01
   2.7599398e-01
   2.4196715e-01
   7.0051020e-01
   4.2652674e-01
   1.5051337e-01
   4.9071290e-02
   1.6125020e-01
   2.9372710e-01
   6.0105416e-01
   7.4819300e-01
   2.5383512e-01
   4.6390628e-01
   3.8378786e-01
   5.4244823e-01
   3.3385913e-01
   1.5300880e-01
   1.9968303e-02
   9.5244425e-01
   3.8625618e-01
   1.9180885e-01
   9.1139848e-01
   9.2613228e-01
   7.6041851e-01
   2.2450461e-01
   4.4957674e-01
   1.1211003e-01
   8.9217071e-01
   3.9489045e-01
   6.2142190e-01
   3.4134507e-01
   1.1774982e-01
   3.8195554e-01
   2.5014016e-01
   2.9899924e-01
   7.7706957e-01
   8.0244637e-02
   4.6372221e-01
   7.3719251e-02
   9.4729105e-01
   5.4260729e-01
   9.7595058e-01
   9.4381935e-01
   6.7497346e-01
   5.0203767e-01
   9.6484312e-01
   8.0857401e-01
   7.6552820e-02
   5.9589865e-01
   5.0373295e-01
   8.8570180e-01
   7.6224951e-01
   7.5158974e-01
   3.3922595e-01
   9.5582593e-01
   2.0551079e-01
   2.8850848e-01
   9.5425354e-01
   3.5196734e-01
   3.8778905e-01
   5.7189190e-03
   4.5871812e-01
   2.9752884e-01
   6.3070077e-01
   7.8193951e-01
   4.1814448e-01
   8.5504861e-01
   6.0267868e-01
   1.8877625e-02
   3.2898282e-01
   4.9087742e-01
   6.2654033e-01
   7.1830062e-01
   7.9272154e-02
   3.5309654e-01
   5.8803202e-01
   3.6441510e-01
   1.6764005e-02
   5.3006893e-01
   6.7340523e-01
   4.8703578e-01
   9.4779153e-01
   8.4546074e-01
   2.9391417e-01
   7.3500628e-01
   9.3887783e-01
   3.2458430e-01
   5.2510693e-01
   5.8810698e-01
   8.1630565e-01
   7.4078114e-01
   7.6959913e-01
   6.5748284e-01
   1.4889013e-01
   2.3541740e-01
   7.5711692e-01
   1.5644377e-01
   4.2989379e-01
   6.1703249e-01
   7.3999034e-02
   5.2931548e-01
   2.1015163e-01
   1.3798322e-01
   7.9516503e-01
   1.4282838e-01
   2.3689236e-01
   7.0198614e-03
   8.5079053e-02
   2.0223842e-02
   8.8890243e-01
   7.1564694e-01
   9.6363937e-01
   5.5545728e-01
   5.4580383e-02
   6.9638285e-01
   7.4436619e-01
   6.7507696e-01
   7.3843092e-01
   3.6389763e-01
   3.8772036e-01
   7.2883976e-01
   3.8366030e-01
   5.6933781e-01
   1.2452823e-01
   8.0128712e-01
   9.8378934e-02
   3.8531049e-01
   9.8024538e-01
   2.1887903e-01
   3.2049628e-01
   2.9384932e-01
   7.5736846e-02
   3.4394028e-01
   9.0261830e-01
   9.4350052e-01
   2.6236065e-01
   1.5040402e-01
   1.9330753e-01
   8.7006983e-01
   9.2824063e-01
   1.6731298e-01
   1.4863025e-01
   8.4314834e-01
   5.1986398e-01
   8.0362574e-01
   5.4498038e-01
   2.2148039e-02
   8.6730035e-01
   8.5375555e-01
   2.3791970e-01
   6.9425014e-01
   1.1717229e-01
   1.7632293e-01
   5.1683745e-01
   2.3554890e-01
   4.9511997e-01
   7.9473982e-01
   7.8311567e-01
   4.3146717e-01
   5.4363179e-01
   5.1124995e-01
   8.0382655e-01
   4.1983722e-01
   8.0530477e-01
   3.3719241e-02
   5.8264244e-02
   3.0936532e-01
   6.4706064e-02
   9.8307931e-01
   5.8690695e-01
   6.4468647e-01
   2.7562443e-01
   9.7805228e-01
   5.2486122e-01
   3.2819439e-02
   5.6821742e-01
   6.3643372e-01
   5.6681094e-01
   5.6363340e-01
   8.9051224e-01
   5.3324477e-01
   1.8964119e-01
   4.5192876e-01
   2.3279065e-01
   1.7320281e-02
   5.8777526e-01
   5.1046808e-01
   9.6685459e-01
   5.1078282e-01
   2.1329749e-01
   7.4109119e-01
   5.2141595e-01
   1.5108558e-01
   4.6054156e-01
   7.9842292e-01
   5.5675470e-02
   6.1448257e-01
   6.7259336e-01
   9.5069894e-01
   8.1289453e-01
   9.8842764e-01
   7.2421463e-01
   9.5506377e-01
   2.7566111e-02
   2.7996552e-01
   4.0517885e-02
   4.5731599e-01
   8.3763248e-01
   7.9719366e-01
   1.9363319e-01
   9.0781824e-01
   3.7908849e-01
   6.3003560e-01
   3.7742222e-01
   1.6819109e-01
   7.7569310e-01
   2.8604036e-01
   1.7598546e-01
   9.0525225e-01
   5.2638839e-01
   1.8147186e-01
   3.6819918e-01
   3.6798857e-01
   3.0567225e-01
   5.9419017e-01
   8.2792870e-02
   9.9180570e-01
   5.9894782e-01
   1.1992348e-01
   1.9964843e-01
   2.8997448e-01
   2.5177499e-01
   1.2869271e-01
   6.2884638e-02
   5.0230385e-01
   3.0680773e-01
   1.3935749e-01
   3.3240969e-01
   7.8818250e-01
   5.0856889e-01
   9.5557416e-01
   8.2482902e-01
   7.5524606e-01
   8.4284560e-01
   2.0085723e-01
   8.0026152e-01
   4.2602663e-01
   7.6930122e-01
   6.5251185e-01
   7.9668334e-01
   3.9672059e-01
   2.9242030e-01
   8.2503724e-01
   8.7300872e-01
   7.6031580e-01
   1.0423334e-01
   8.8352269e-01
   5.7026183e-01
   7.7458211e-01
   5.2524666e-01
   8.9719980e-01
   5.0266222e-01
   9.0120784e-01
   4.3657121e-01
   2.3267071e-01
   3.4763006e-01
   5.9949860e-01
   6.0022925e-01
   9.3163099e-01
   7.7179642e-01
   5.7517779e-01
   5.5863442e-02
   7.7816621e-01
   9.9803281e-01
   2.2994951e-02
   1.6564498e-01
   9.1019043e-01
   5.6698377e-01
   7.8699299e-01
   1.8446836e-01
   3.4177068e-01
   1.8652938e-01
   1.5691779e-01
   8.7534700e-01
   5.4676522e-01
   4.3726266e-01
   2.0604186e-01
   1.7765427e-01
   6.7400141e-02
   3.2421034e-01
   2.8163227e-02
   1.4990654e-01
   7.0203488e-01
   4.3511099e-01
   6.2792582e-01
   5.5271639e-01
   9.6567559e-01
   2.0412965e-01
   3.0193950e-01
   6.5996670e-01
   8.2658458e-01
   7.7896224e-01
   9.7753015e-01
   7.1434340e-02
   3.6549446e-01
   9.5049537e-01
   4.1998140e-01
   2.1858571e-01
   2.1368355e-01
   6.4529577e-01
   4.0968770e-01
   8.8999931e-01
   1.4913786e-01
   8.9157946e-01
   8.7977426e-02
   8.7033242e-01
   4.6144842e-01
   7.9103807e-01
   4.8975070e-01
   4.2891168e-01
   2.8911003e-01
   9.5680038e-01
   6.6698861e-01
   5.1131390e-01
   3.7622342e-01
   5.1627008e-01
   7.0965566e-01
   6.4674110e-01
   4.4568575e-01
   4.7388733e-01
   7.5866221e-02
   3.7704431e-01
   4.2964188e-02
   1.4037687e-01
   1.9453474e-01
   8.3267260e-01
   4.6924955e-01
   2.9840045e-01
   4.6337548e-01
   2.3912370e-01
   5.1218897e-01
   8.9805890e-01
   9.1040877e-01
   1.5026800e-01
   6.7920397e-01
   9.9070463e-01
   2.3343363e-01
   4.7615989e-02
   5.0977093e-01
   1.7840215e-01
   7.9967287e-01
   9.9348614e-01
   1.6105232e-01
   6.3051945e-01
   5.5775634e-01
   2.8437825e-01
   3.5791569e-01
   3.6614728e-01
   1.0109856e-01
   2.8035000e-02
   5.0991583e-01
   2.1001624e-01
   3.9062563e-01
   7.4923858e-01
   8.5461191e-01
   8.5405707e-01
   2.8252560e-01
   8.0081821e-01
   5.3449805e-01
   7.9689924e-01
   6.7208119e-01
   9.4640608e-01
   8.6149735e-01
   7.4900717e-01
   5.9309331e-01
   4.9916112e-03
   3.7088362e-01
   1.3258286e-01
   6.3970640e-02
   7.2231786e-01
   3.4809517e-01
   4.0884039e-01
   8.2254265e-01
   8.4245467e-01
   6.6670261e-01
   8.5013294e-01
   8.2441327e-01
   4.6978230e-01
   7.2681069e-01
   7.9522243e-01
   6.6714357e-01
   1.8941571e-01
   2.5147715e-01
   7.5199202e-01
   1.0142516e-01
   7.9191335e-01
   5.9777361e-01
   7.5837586e-01
   8.1750102e-01
   4.5978969e-01
   3.7823182e-01
   6.2025841e-01
   8.0746069e-01
   5.0762637e-01
   7.4567312e-01
   4.6947547e-01
   1.8308895e-01
   3.0303221e-01
   7.0418755e-01
   4.0038836e-01
   7.3830843e-01
   6.7098288e-01
   1.4306618e-01
   6.5737485e-01
   7.7714758e-02
   3.7366555e-01
   5.6543400e-01
   7.2909853e-01
   5.5957025e-01
   2.3364389e-01
   5.7123419e-01
   2.4189237e-01
   1.9265879e-02
   2.3914385e-01
   3.8544515e-01
   1.0223127e-01
   4.8221095e-01
   9.3518484e-01
   6.1133712e-02
   8.0173375e-02
   9.4236852e-01
   6.8694409e-01
   5.0872697e-01
   3.3531644e-01
   2.4631583e-01
   6.0983676e-02
   3.8165834e-02
   9.3996861e-01
   8.1259910e-01
   1.9372856e-01
   5.0772456e-01
   5.5326122e-02
   5.1416329e-01
   3.8474311e-01
   8.8586594e-01
   3.6319660e-01
   8.5561496e-01
   2.7039948e-01
   1.5321339e-01
   6.5708696e-01
   1.9034092e-01
   3.5623443e-02
   3.1428969e-01
   7.7554059e-01
   6.6462646e-01
   2.7161394e-01
   8.2988285e-02
   3.1093072e-01
   8.7314402e-01
   6.6587627e-01
   4.9956279e-01
   9.1518828e-01
   8.0843998e-01
   7.5659044e-01
   5.0326130e-01
   8.5781420e-01
   3.7562216e-01
   7.9029327e-02
   3.5025100e-01
   2.7320720e-02
   5.0373532e-01
   3.2125943e-01
   6.1522960e-01
   9.7670998e-01
   7.2426372e-01
   1.0188616e-01
   1.4343818e-01
   4.3280788e-01
   1.4606373e-01
   5.0756147e-01
   6.8463972e-01
   6.3598741e-01
   5.2411475e-01
   7.1345217e-01
   8.9378542e-01
   4.0587681e-01
   1.8648877e-01
   7.4602651e-01
   6.7118223e-01
   8.0942112e-01
   7.8192958e-01
   4.5429418e-01
   9.1413187e-01
   8.4020467e-01
   6.5998917e-01
   3.8682513e-01
   4.4108293e-01
   7.2978130e-01
   2.3205762e-02
   8.6930775e-01
   5.2195082e-01
   9.3230225e-01
   7.6691940e-01
   3.4787748e-01
   3.6773142e-01
   2.3975657e-01
   7.4461282e-01
   1.5223696e-01
   3.9102100e-01
   9.0666358e-02
   9.8520921e-01
   2.8813021e-01
   9.4608798e-01
   4.5679800e-01
   7.8861512e-01
   3.9230147e-01
   2.1712973e-01
   7.4055008e-01
   1.3021463e-01
   4.1399593e-01
   4.3675228e-01
   8.3927704e-01
   7.1376437e-02
   1.7270768e-01
   3.7368336e-01
   5.0093115e-01
   6.7942557e-01
   3.7269483e-01
   3.5582490e-01
   7.1587569e-02
   4.3988872e-01
   9.1783397e-01
   2.2738919e-01
   7.2746141e-01
   8.1728743e-01
   4.9801620e-01
   1.8423075e-01
   5.6840470e-01
   3.8901228e-01
   7.0671570e-01
   3.8333129e-01
   9.0180082e-01
   3.4038271e-01
   1.4790022e-01
   7.0343911e-01
   2.8398970e-02
   1.1272513e-01
   2.5456177e-01
   1.4224637e-01
   8.1611495e-01
   1.6984957e-01
   2.6543997e-02
   6.3727211e-02
   8.2031680e-01
   5.5303401e-01
   5.0894409e-01
   2.7690178e-01
   3.0699697e-02
   8.8926425e-01
   8.9000528e-01
   7.9931674e-01
   6.5041629e-01
   8.1887114e-01
   3.0388516e-01
   4.1901554e-01
   9.0138524e-01
   5.6051195e-01
   8.2446563e-01
   7.8198677e-01
   3.4337310e-01
   4.2432345e-01
   7.2427039e-01
   9.8828136e-01
   5.1229015e-01
   8.2814713e-01
   1.7171678e-01
   3.9793615e-01
   5.4213281e-01
   1.3156332e-01
   5.4053035e-01
   4.1069173e-01
   1.6829705e-01
   5.9132555e-01
   3.5825767e-01
   9.1734224e-01
   1.7110442e-02
   5.1636419e-01
   9.0928737e-01
   2.5176376e-01
   2.4303497e-01
   4.1431035e-01
   2.1312473e-01
   1.7541383e-01
   1.6282176e-01
   3.6802678e-01
   3.4309355e-01
   1.9265791e-01
   8.7908928e-01
   5.9453458e-01
   3.1377503e-01
   8.0203123e-01
   1.1866845e-01
   1.1516067e-02
   1.7131163e-01
   1.7906922e-01
   2.9519062e-01
   4.4523488e-01
   2.2872393e-01
   5.7304133e-02
   1.1432195e-01
   2.5071169e-01
   5.4527497e-01
   5.0003115e-01
   7.1664089e-01
   8.6991748e-02
   8.6541885e-01
   2.8993054e-01
   2.5032867e-01
   4.6738988e-01
   5.3942564e-01
   9.5141241e-01
   5.3718807e-01
   2.5324517e-01
   9.5949514e-02
   8.7822714e-01
   3.2517450e-01
   5.6874212e-01
   2.6050113e-01
   9.9562349e-01
   3.6075147e-01
   7.1383543e-01
   4.4835090e-01
   8.7296788e-01
   7.2694601e-01
   4.6913847e-01
   2.6198025e-01
   4.0907895e-01
   3.4246627e-01
   5.0749725e-01
   2.0748921e-01
   8.6202287e-01
   2.0782584e-01
   5.2709638e-01
   6.7832444e-01
   7.4100932e-01
   2.2690974e-01
   4.1816568e-01
   3.9180317e-02
   8.5369748e-01
   3.7766548e-01
   7.6067462e-01
   2.2701279e-01
   9.3810346e-01
   2.2618355e-01
   5.1594525e-01
   6.0314748e-01
   6.0626280e-01
   2.3987722e-01
   6.1367928e-01
   1.3255636e-01
   7.4023518e-01
   7.6990944e-01
   1.6833665e-01
   7.2805389e-01
   5.7397156e-01
   9.4309484e-01
   9.2800021e-02
   4.7655037e-01
   2.0372539e-01
   7.9295969e-01
   9.0984816e-01
   3.8314324e-01
   7.8908867e-01
   9.1721296e-01
   9.6053971e-01
   1.3639551e-01
   5.7865049e-01
   8.3439510e-01
   2.6222712e-01
   6.8545730e-01
   5.6169224e-01
   1.1515622e-01
   7.5066786e-01
   9.5511662e-01
   2.3503252e-02
   7.8386020e-01
   3.0309618e-03
   9.9484603e-01
   5.6308014e-01
   7.4228723e-01
   7.4473121e-01
   7.7686632e-01
   7.5032110e-02
   8.9986010e-01
   8.8663664e-01
   5.9779760e-01
   1.8761987e-01
   6.2823052e-02
   3.1734981e-01
   6.5596683e-01
   1.9030224e-01
   2.3322748e-01
   4.9302044e-01
   8.8685150e-01
   2.9091134e-01
   1.6283389e-01
   1.9989369e-01
   7.2252534e-01
   5.4299946e-01
   4.6310607e-02
   4.0793274e-01
   1.6558796e-01
   8.3483820e-01
   4.4260269e-01
   4.9220095e-01
   9.2342543e-01
   1.0124268e-01
   8.6600172e-01
   6.6274281e-01
   8.4326845e-01
   1.7604824e-01
   7.2135671e-01
   9.9451877e-02
   7.9605703e-01
   4.3736605e-01
   7.4375419e-01
   8.6452375e-01
   1.4491077e-01
   2.8810161e-01
   2.9421022e-01
   9.4524493e-01
   8.4721120e-01
   1.3959698e-01
   4.4945522e-01
   3.4341244e-01
   1.7697215e-01
   4.4561378e-01
   9.9705303e-01
   1.9328704e-02
   7.6796290e-01
   3.9984961e-01
   7.5480266e-01
   9.4170403e-01
   9.3320526e-01
   9.7646544e-01
   5.4406466e-01
   5.7720621e-01
   9.9242256e-01
   2.9082904e-01
   1.2864458e-01
   2.1859884e-01
   2.0954465e-01
   1.8742344e-01
   5.4913597e-01
   9.4450406e-01
   9.3465131e-01
   3.8101333e-01
   7.2091463e-01
   6.3666554e-02
   4.9035071e-01
   1.0767455e-01
   8.0124802e-01
   2.4610318e-02
   1.4997968e-01
   1.1898432e-02
   9.2539420e-01
   9.8253869e-01
   2.4663395e-01
   5.2309169e-01
   7.7425329e-01
   3.8972504e-01
   3.0619836e-01
   5.6047115e-02
   9.0934070e-01
   9.8633124e-01
   2.7085448e-01
   5.3219308e-01
   9.0970274e-01
   4.8673261e-02
   8.1781461e-01
   9.7217026e-01
   2.5856540e-01
   4.1926110e-01
   5.2615632e-01
   3.2669469e-01
   9.8147837e-01
   7.7701636e-01
   1.0405064e-02
   1.9491977e-01
   8.2528012e-01
   9.2327400e-01
   2.9858787e-01
   5.9459019e-02
   2.6889480e-01
   8.2236857e-02
   1.9615966e-01
   5.8850795e-01
   9.2145197e-01
   5.9062096e-01
   3.6399119e-01
   2.0312235e-01
   4.9159736e-01
   9.5996505e-01
   7.9260786e-02
   1.2314994e-01
   6.2949830e-01
   1.5192190e-01
   7.6039146e-01
   4.1462277e-01
   1.5273405e-01
   2.5145995e-01
   6.0875362e-01
   3.7444402e-01
   9.1282542e-01
   9.9271844e-02
   4.9474312e-01
   1.1883704e-01
   5.6815141e-01
   7.5424812e-01
   2.2199095e-01
   5.3214290e-01
   2.0876933e-01
   1.8674660e-01
   4.0872635e-02
   7.2610047e-01
   1.0963367e-01
   5.5792925e-01
   2.8471560e-01
   9.5017320e-01
   4.2704404e-01
   9.3675500e-01
   8.2862410e-01
   9.7315006e-01
   8.3379294e-01
   8.6152380e-01
   8.5917688e-01
   6.3681689e-01
   2.0159616e-02
   8.4447833e-01
   6.9574151e-01
   7.6367792e-01
   9.0198447e-01
   2.9166398e-01
   3.4798328e-01
   7.0218768e-01
   6.1809758e-01
   8.3241406e-01
   5.1568248e-01
   9.5819830e-02
   2.5367815e-02
   5.7332598e-01
   5.0498849e-01
   3.4617777e-01
   2.0356583e-01
   1.3176114e-01
   4.1325393e-01
   6.1143617e-01
   8.7226022e-01
   6.2388358e-01
   9.8203804e-01
   9.3959701e-01
   1.3377691e-01
   6.9791653e-01
   4.7862213e-01
   5.3734887e-01
   2.9878416e-01
   2.2971741e-01
   3.4764725e-01
   1.5932882e-01
   8.9297912e-01
   7.3504474e-01
   9.9710576e-01
   9.4763353e-01
   9.9902766e-02
   7.1485473e-01
   2.7589816e-02
   4.4010734e-01
   1.6100842e-01
   6.8612310e-01
   5.8982825e-01
   6.7298783e-01
   2.9265126e-01
   3.9499064e-01
   3.6839281e-01
   5.5250731e-01
   6.3629634e-02
   9.0684394e-02
   4.7531663e-01
   2.2050993e-01
   5.3629224e-01
   6.2118872e-02
   5.4586723e-01
   8.4165020e-01
   5.9263993e-01
   9.8986370e-01
   8.6094059e-01
   6.5729866e-01
   1.4844938e-01
   7.3724696e-01
   8.0001899e-01
   8.8283486e-01
   8.2416884e-01
   2.4729128e-01
   1.1667433e-01
   9.4387929e-01
   7.8535789e-01
   1.5926410e-01
   7.1653989e-01
   1.9271939e-01
   1.4366025e-01
   8.9661323e-01
   4.4704300e-02
   1.0885923e-01
   2.9299829e-01
   9.4777759e-01
   8.1891723e-01
   3.6575517e-01
   5.4254363e-01
   7.1131248e-01
   3.2862250e-01
   3.6742747e-01
   1.0273390e-01
   6.7855367e-01
   4.7598355e-01
   7.7229604e-02
   6.4467200e-02
   4.8268864e-01
   4.3088667e-01
